
------------------------------------------------------------------------------------------------------
30/08/2020 19:36:44
------------------------------------------------------------------------------------------------------

alpha_critic = 18.911887286294508
alpha_actor = 3.372667368786717
alpha_actor_cascaded = 20.0
Q = 97729.90354858094
gamma = 0.15674065963689374

 feval = [0.03382319]